64.0
64.0
64.0
64.0
64.0
64.0
64.0
64.0
16.0
16.0
16.0
16.0
162.0
162.0
162.0
162.0
8.0
8.0
42.0
42.0
42.0
42.0
42.0
42.0
42.0
42.0
1296.0
1296.0
26244.0
26244.0
35721.0
35721.0
1764.0
1764.0
42.0
42.0
42.0
42.0
336.0
336.0
137781.0
137781.0
9261.0
9261.0
9261.0
9261.0
2048.0
2048.0
2048.0
2048.0
8192.0
8192.0
8192.0
8192.0
14112.0
14112.0
14112.0
14112.0
21504.0
21504.0
21504.0
21504.0
1344.0
1344.0
1344.0
1344.0
3528.0
3528.0
3528.0
3528.0
324.0
81.0
162.0
81.0
324.0
324.0
324.0
324.0
81.0
162.0
81.0
324.0
324.0
324.0
16.0
32.0
16.0
16.0
32.0
16.0
84.0
42.0
84.0
84.0
84.0
84.0
42.0
84.0
84.0
84.0
84.0
42.0
84.0
84.0
84.0
84.0
42.0
84.0
84.0
84.0
256.0
32.0
128.0
256.0
32.0
128.0
256.0
32.0
128.0
256.0
32.0
128.0
1024.0
256.0
128.0
128.0
512.0
512.0
512.0
1024.0
256.0
128.0
128.0
512.0
512.0
512.0
1024.0
256.0
128.0
128.0
512.0
512.0
512.0
1024.0
256.0
128.0
128.0
512.0
512.0
512.0
105.0
105.0
105.0
105.0
105.0
105.0
105.0
105.0
63.0
63.0
63.0
63.0
105.0
105.0
105.0
105.0
105.0
105.0
105.0
105.0
63.0
63.0
63.0
63.0
105.0
105.0
105.0
105.0
105.0
105.0
105.0
105.0
63.0
63.0
63.0
63.0
105.0
105.0
105.0
105.0
105.0
105.0
105.0
105.0
63.0
63.0
63.0
63.0
