1,19,20,23,24,33,34,39,40,43,44,45,46,55,56,59,60,63,64,67,68,93,94,95,98,99,100
2,35,36,91,92,96,97
3
4
5
6
7
8,163,164,165,166,167,168,169,170
9
10,171,172,173,174
11
12
13,159,160,161,162
14,151,152,153,154,155,156,157,158
15
16
17
18,13,14,15,16,17,18,31,32,41,42,75,76,77,82,83,84,86,87,89,90
19,28,29,30,71,73
20,27
21,72,74
22,85
23
24,88
25
26
27
28
29,78,80
30
31
32
33,79,81
34,21,22,25,26,57,58,61,62,65,66,69,70,103,104,105,108,109,110
35,37,101,102
36,187,188,189,190,191,192,193,194
37
38,195,196,197,198
39
40
41,38
42,183,184,185,186
43,175,176,177,178,179,180,181,182
44,106,107
45
46
47
48
49
50
51
52,11,12,49,50,53,54,117,119,120,122
53,121
54,118
55
56
57
58
59
60,3,4,7,8,137,141,142,143,144,148,149,150
61,1,2,5,6,9,10,47,48,51,52,111,113,114,116,123,127,128,129,130,134,135,136
62
63
64
65
66
67
68
69
70,115
71,112
72
73
74
75
76
77,131,132,133
78,124,125,126
79
80
81
82
83
84
85
86
87
88,145,146,147
89,138,139,140
90
91
92
93
94
95
96
97
98